0 0.066000 0.586500 0.020000 0.091000
0 0.173500 0.236500 0.013000 0.059000
0 0.278500 0.397500 0.017000 0.069000
0 0.440000 0.107000 0.042000 0.032000
0 0.404000 0.425000 0.038000 0.028000
0 0.438000 0.515500 0.040000 0.027000
0 0.380500 0.626500 0.033000 0.023000
0 0.356500 0.552000 0.031000 0.022000
0 0.342000 0.648500 0.040000 0.035000
2 0.530500 0.348500 0.015000 0.067000
0 0.379000 0.759000 0.032000 0.028000
0 0.359000 0.798000 0.032000 0.028000
0 0.386000 0.830000 0.028000 0.028000
0 0.354500 0.867000 0.031000 0.024000
0 0.339500 0.916000 0.031000 0.022000
0 0.375000 0.932000 0.028000 0.026000
0 0.498000 0.878000 0.044000 0.046000
0 0.431500 1.000000 0.041000 0.000000
0 0.383500 1.000000 0.033000 0.000000
0 0.380500 1.000000 0.027000 0.000000
1 0.836500 0.322000 0.007000 0.014000
2 0.834000 0.911500 0.032000 0.131000
