0 0.067500 0.587000 0.023000 0.090000
0 0.175500 0.240000 0.019000 0.060000
0 0.280000 0.397000 0.020000 0.068000
0 0.355500 0.550500 0.031000 0.021000
0 0.344000 0.647500 0.036000 0.033000
0 0.381000 0.627000 0.030000 0.024000
0 0.391500 0.365000 0.033000 0.026000
0 0.403000 0.424000 0.036000 0.026000
2 0.413000 0.553000 0.038000 0.026000
0 0.438500 0.514000 0.037000 0.026000
0 0.381500 0.757000 0.027000 0.028000
0 0.359500 0.800000 0.031000 0.022000
0 0.386000 0.827000 0.026000 0.026000
0 0.355500 0.866000 0.029000 0.022000
0 0.343000 0.915000 0.026000 0.020000
0 0.375500 0.932000 0.025000 0.026000
0 0.381000 1.000000 0.024000 0.000000
0 0.383500 1.000000 0.033000 0.000000
0 0.431500 1.000000 0.039000 0.000000
0 0.498500 0.877500 0.043000 0.041000
2 0.731500 1.000000 0.071000 0.000000
