2 0.470500 0.442500 0.079000 0.021000
1 0.411000 0.801000 0.012000 0.006000
0 0.816500 0.043000 0.061000 0.026000
0 0.652500 0.780500 0.101000 0.021000
0 0.440500 0.732000 0.073000 0.020000
0 0.433000 0.689500 0.068000 0.019000
0 0.351500 0.842000 0.069000 0.022000
0 0.553500 0.501000 0.091000 0.018000
0 0.321000 0.576500 0.064000 0.015000
0 0.307500 0.551000 0.049000 0.012000
0 0.329500 0.516500 0.061000 0.013000
0 0.241500 0.503000 0.055000 0.010000
0 0.215500 0.472000 0.039000 0.012000
0 0.283000 0.467500 0.052000 0.011000
0 0.300000 0.395000 0.058000 0.010000
0 0.385000 0.324500 0.076000 0.017000
0 0.423500 0.268500 0.069000 0.015000
0 0.491500 0.286500 0.069000 0.021000
0 0.515500 0.302500 0.085000 0.013000
0 0.565000 0.125000 0.086000 0.018000
0 0.240500 0.648500 0.047000 0.013000
