0 0.175500 0.219500 0.017000 0.019000
0 0.547000 0.000000 0.054000 0.000000
0 0.441000 0.106500 0.040000 0.033000
0 0.390500 0.366500 0.037000 0.027000
0 0.402500 0.426000 0.037000 0.026000
2 0.412000 0.554500 0.038000 0.027000
0 0.437500 0.514000 0.041000 0.024000
0 0.355500 0.552000 0.029000 0.022000
0 0.380500 0.627000 0.033000 0.024000
0 0.343000 0.648500 0.036000 0.031000
0 0.380000 0.756500 0.026000 0.029000
0 0.359500 0.801500 0.029000 0.025000
0 0.385500 0.827000 0.027000 0.022000
0 0.356500 0.866000 0.027000 0.022000
0 0.342000 0.916000 0.026000 0.022000
0 0.374500 0.932000 0.027000 0.026000
0 0.497000 0.876000 0.044000 0.038000
0 0.380500 1.000000 0.029000 0.000000
0 0.384500 1.000000 0.031000 0.000000
0 0.432000 1.000000 0.040000 0.000000
1 0.399500 1.000000 0.005000 0.000000
2 0.729500 1.000000 0.075000 0.000000
