2 0.495000 0.396000 0.046000 0.048000
0 0.645500 0.000000 0.035000 0.000000
0 0.549500 0.000000 0.049000 0.000000
0 0.470500 0.085000 0.045000 0.032000
0 0.507000 0.118500 0.044000 0.037000
0 0.520500 0.145000 0.049000 0.036000
0 0.442000 0.183500 0.054000 0.035000
0 0.396500 0.313000 0.037000 0.028000
0 0.387000 0.442500 0.034000 0.035000
0 0.363500 0.502000 0.035000 0.026000
0 0.412500 0.527500 0.043000 0.033000
0 0.398500 0.589500 0.037000 0.031000
0 0.409000 0.638500 0.040000 0.033000
0 0.361000 0.770000 0.030000 0.030000
0 0.474500 0.837000 0.047000 0.032000
0 0.475000 0.916500 0.046000 0.037000
0 0.424500 1.000000 0.045000 0.000000
0 0.601000 0.990500 0.060000 0.019000
0 0.542500 0.503000 0.055000 0.042000
1 0.351000 0.447500 0.036000 0.097000
